l = 1;
g = -9.81;
X0 = pi/6;
    