l = 10;
g = -9.81;
X0 = pi/4;
xe = [0;0];
ue = 0;
K = [20;10];

